105 232
110 256
117 280
124 301
137 320
156 334
177 345
198 353
219 352
235 343
245 325
253 306
260 287
262 267
261 247
260 227
258 207
128 229
139 220
154 217
170 217
184 221
209 215
220 207
231 201
244 197
252 204
201 227
205 241
208 256
212 270
192 278
202 280
211 282
218 277
224 271
150 236
159 231
168 228
177 231
169 233
160 235
216 224
224 217
232 215
239 217
234 220
226 222
173 299
187 294
201 292
210 292
218 289
227 287
237 285
230 302
222 312
213 315
204 316
188 312
177 299
202 296
211 295
219 292
232 288
220 302
212 306
202 307