96 151
97 168
99 186
103 203
112 217
127 228
144 236
162 243
180 244
193 240
200 230
205 216
210 201
213 186
215 171
214 158
212 145
125 140
135 131
147 126
161 126
174 129
184 128
192 124
201 122
209 123
214 129
180 139
183 150
186 162
189 173
170 182
178 183
184 185
190 183
195 180
138 144
146 139
154 138
161 144
154 146
146 146
189 141
195 136
202 135
207 139
203 142
196 142
158 206
168 202
178 199
184 200
189 198
194 199
199 203
195 207
190 209
185 210
178 210
168 209
162 206
178 204
184 204
189 203
196 203
190 203
185 203
178 204