214 171
217 185
220 199
223 214
230 229
239 239
255 243
274 244
297 241
321 237
343 233
362 225
375 214
382 197
382 177
378 158
375 139
222 135
226 120
236 107
252 100
267  99
284  93
300  86
318  86
335  93
347 105
276 108
277 115
278 121
279 128
271 158
278 156
285 153
293 151
300 150
237 137
242 126
252 122
262 127
254 131
245 135
303 116
312 107
322 105
330 112
323 114
313 116
264 197
273 183
281 175
289 174
297 170
309 172
324 179
313 180
303 182
294 185
286 187
276 192
268 194
282 182
290 180
299 177
319 178
300 176
291 178
283 180