113 266
113 301
114 336
118 373
127 407
148 438
173 467
204 491
241 500
281 499
316 478
344 450
366 419
379 384
384 346
388 305
391 267
142 254
159 234
187 229
216 235
243 247
271 242
299 232
328 228
355 237
371 259
256 270
254 295
252 320
250 346
225 361
237 366
250 370
266 366
280 364
172 273
189 263
208 262
224 276
207 281
187 282
291 276
307 262
326 262
341 273
328 282
308 281
194 402
219 401
239 399
251 403
263 401
283 404
306 405
283 423
263 429
249 430
236 428
217 422
203 404
238 407
251 409
263 408
298 406
263 413
250 414
237 413