149 168
149 192
150 217
157 242
171 262
191 279
211 293
234 304
256 306
274 303
283 287
289 268
293 249
296 230
299 211
300 195
300 179
196 157
210 144
228 138
247 140
266 146
279 147
288 145
298 145
305 149
305 159
270 164
272 176
276 189
279 201
253 219
261 222
270 223
276 221
282 217
216 166
226 158
236 158
244 167
235 169
225 169
276 169
285 162
293 163
296 172
292 174
283 172
234 254
249 247
262 244
269 246
276 244
283 248
285 256
281 260
274 263
267 263
259 262
247 259
240 254
260 251
268 252
275 251
282 254
275 253
269 253
261 252