174 195
179 216
184 239
194 258
208 276
225 292
244 305
264 315
284 317
299 310
307 294
314 274
320 253
325 232
328 212
326 193
323 176
205 188
217 181
230 177
244 178
257 180
277 177
285 170
295 166
305 164
314 167
269 195
274 208
278 221
283 234
265 243
273 245
281 246
288 243
292 239
222 199
231 195
241 194
248 200
241 203
232 203
283 195
289 187
298 185
304 188
300 194
292 196
255 270
266 263
276 258
283 259
289 257
298 258
304 263
300 277
293 284
286 286
278 286
267 281
260 270
277 264
283 264
290 263
301 264
291 274
285 276
277 276