[[277 167]
 [279 189]
 [281 212]
 [284 235]
 [291 257]
 [307 274]
 [328 287]
 [350 297]
 [373 298]
 [396 293]
 [414 280]
 [428 264]
 [440 246]
 [443 226]
 [445 205]
 [446 185]
 [446 164]
 [294 149]
 [304 137]
 [321 133]
 [337 133]
 [356 137]
 [382 138]
 [398 135]
 [414 134]
 [430 138]
 [438 151]
 [370 151]
 [371 167]
 [372 182]
 [372 198]
 [354 209]
 [362 212]
 [371 215]
 [379 212]
 [385 209]
 [314 157]
 [323 150]
 [334 149]
 [344 157]
 [333 159]
 [322 160]
 [389 158]
 [398 150]
 [410 151]
 [419 158]
 [411 160]
 [399 160]
 [332 239]
 [347 236]
 [361 233]
 [370 235]
 [378 233]
 [390 235]
 [402 237]
 [391 245]
 [380 248]
 [371 249]
 [361 248]
 [347 245]
 [337 240]
 [360 239]
 [370 240]
 [379 239]
 [398 238]
 [380 239]
 [371 240]
 [361 239]]